0 0
0.01 0.019701663333333
0.02 0.039015171128567
0.03 0.057948170695433
0.04 0.076508158678942
0.05 0.09470248402773
0.06 0.11253835090392
0.07 0.13002282153565
0.08 0.14716281901344
0.09 0.16396513003139
0.1 0.18043640757444
0.11 0.19658317355266
0.12 0.21241182138366
0.13 0.22792861852408
0.14 0.24313970895122
0.15 0.25805111559583
0.16 0.2726687427269
0.17 0.28699837828951
0.18 0.30104569619657
0.19 0.31481625857549
0.2 0.32831551797051
0.21 0.34154881950167
0.22 0.35452140298129
0.23 0.36723840498862
0.24 0.3797048609038
0.25 0.39192570690158
0.26 0.40390578190586
0.27 0.41564982950569
0.28 0.42716249983355
0.29 0.43844835140654
0.3 0.4495118529314
0.31 0.46035738507394
0.32 0.47098924219353
0.33 0.48141163404355
0.34 0.4916286874382
0.35 0.50164444788662
0.36 0.51146288119466
0.37 0.5210878750352
0.38 0.5305232404875
0.39 0.53977271354624
0.4 0.54883995660077
0.41 0.55772855988527
0.42 0.56644204290036
0.43 0.57498385580663
0.44 0.58335738079076
0.45 0.59156593340473
0.46 0.59961276387866
0.47 0.60750105840769
0.48 0.61523394041363
0.49 0.62281447178169
0.5 0.63024565407285
0.51 0.63753042971235
0.52 0.64467168315473
0.53 0.65167224202602
0.54 0.65853487824328
0.55 0.6652623091122
0.56 0.67185719840305
0.57 0.67832215740537
0.58 0.68465974596196
0.59 0.69087247348247
0.6 0.69696279993698
0.61 0.7029331368301
0.62 0.70878584815576
0.63 0.7145232513333
0.64 0.72014761812503
0.65 0.72566117553576
0.66 0.73106610669462
0.67 0.73636455171944
0.68 0.7415586085642
0.69 0.74665033384966
0.7 0.75164174367777
0.71 0.75653481442988
0.72 0.76133148354937
0.73 0.76603365030875
0.74 0.7706431765617
0.75 0.77516188748028
0.76 0.77959157227765
0.77 0.78393398491646
0.78 0.78819084480341
0.79 0.79236383747001
0.8 0.79645461524
0.81 0.8004647978836
0.82 0.80439597325885
0.83 0.80824969794034
0.84 0.81202749783559
0.85 0.81573086878916
0.86 0.819361277175
0.87 0.82292016047706
0.88 0.82640892785846
0.89 0.82982896071947
0.9 0.83318161324445
0.91 0.83646821293812
0.92 0.83969006115111
0.93 0.8428484335953
0.94 0.84594458084891
0.95 0.8489797288517
0.96 0.85195507939038
0.97 0.85487181057444
0.98 0.85773107730268
0.99 0.86053401172045
1 0.86328172366799
1.01 0.86597530111979
1.02 0.86861581061548
1.03 0.87120429768206
1.04 0.87374178724791
1.05 0.87622928404862
1.06 0.87866777302482
1.07 0.88105821971217
1.08 0.88340157062367
1.09 0.88569875362443
1.1 0.88795067829911
1.11 0.89015823631198
1.12 0.89232230176011
1.13 0.89444373151934
1.14 0.89652336558367
1.15 0.8985620273978
1.16 0.90056052418323
1.17 0.90251964725781
1.18 0.90444017234915
1.19 0.90632285990172
1.2 0.90816845537797
1.21 0.90997768955349
1.22 0.9117512788064
1.23 0.91348992540095
1.24 0.91519431776564
1.25 0.91686513076578
1.26 0.91850302597069
1.27 0.9201086519157
1.28 0.9216826443589
1.29 0.9232256265329
1.3 0.92473820939158
1.31 0.92622099185201
1.32 0.92767456103161
1.33 0.9290994924806
1.34 0.93049635040991
1.35 0.93186568791457
1.36 0.93320804719273
1.37 0.93452395976031
1.38 0.93581394666151
1.39 0.93707851867508
1.4 0.93831817651658
1.41 0.93953341103664
1.42 0.94072470341531
1.43 0.9418925253526
1.44 0.94303733925526
1.45 0.94415959841982
1.46 0.94525974721215
1.47 0.94633822124336
1.48 0.94739544754229
1.49 0.94843184472461
1.5 0.94944782315857
1.51 0.95044378512747
1.52 0.95142012498896
1.53 0.9523772293312
1.54 0.95331547712592
1.55 0.95423523987846
1.56 0.95513688177491
1.57 0.95602075982626
1.58 0.95688722400982
1.59 0.95773661740774
1.6 0.95856927634291
1.61 0.95938553051205
1.62 0.96018570311637
1.63 0.96097011098942
1.64 0.96173906472265
1.65 0.9624928687883
1.66 0.96323182166003
1.67 0.96395621593106
1.68 0.96466633843005
1.69 0.96536247033464
1.7 0.9660448872828
1.71 0.966713859482
1.72 0.96736965181615
1.73 0.96801252395052
1.74 0.96864273043453
1.75 0.96926052080256
1.76 0.96986613967275
1.77 0.97045982684385
1.78 0.97104181739018
1.79 0.97161234175471
1.8 0.97217162584028
1.81 0.97271989109909
1.82 0.97325735462035
1.83 0.97378422921626
1.84 0.97430072350627
1.85 0.97480704199966
1.86 0.97530338517655
1.87 0.97578994956727
1.88 0.97626692783018
1.89 0.97673450882794
1.9 0.97719287770229
1.91 0.97764221594741
1.92 0.97808270148169
1.93 0.97851450871827
1.94 0.97893780863406
1.95 0.97935276883741
1.96 0.97975955363454
1.97 0.98015832409455
1.98 0.98054923811321
1.99 0.98093245047548
2 0.9813081129168
2.01 0.98167637418318
2.02 0.98203738009007
2.03 0.98239127358012
2.04 0.98273819477977
2.05 0.98307828105475
2.06 0.98341166706443
2.07 0.98373848481519
2.08 0.98405886371265
2.09 0.98437293061293
2.1 0.98468080987288
2.11 0.98498262339931
2.12 0.98527849069724
2.13 0.98556852891728
2.14 0.98585285290196
2.15 0.98613157523121
2.16 0.98640480626697
2.17 0.98667265419685
2.18 0.98693522507699
2.19 0.98719262287405
2.2 0.98744494950637
2.21 0.98769230488433
2.22 0.98793478694991
2.23 0.98817249171546
2.24 0.98840551330176
2.25 0.98863394397521
2.26 0.98885787418444
2.27 0.98907739259607
2.28 0.98929258612987
2.29 0.98950353999311
2.3 0.98971033771436
2.31 0.98991306117652
2.32 0.99011179064929
2.33 0.99030660482088
2.34 0.99049758082926
2.35 0.99068479429261
2.36 0.99086831933934
2.37 0.99104822863738
2.38 0.99122459342301
2.39 0.991397483529
2.4 0.99156696741233
2.41 0.99173311218125
2.42 0.99189598362187
2.43 0.9920556462242
2.44 0.99221216320769
2.45 0.99236559654627
2.46 0.99251600699287
2.47 0.99266345410348
2.48 0.99280799626076
2.49 0.99294969069713
2.5 0.99308859351741
2.51 0.99322475972109
2.52 0.99335824322407
2.53 0.99348909688001
2.54 0.99361737250127
2.55 0.99374312087944
2.56 0.99386639180539
2.57 0.99398723408905
2.58 0.99410569557873
2.59 0.99422182318003
2.6 0.99433566287441
2.61 0.99444725973747
2.62 0.9945566579567
2.63 0.99466390084904
2.64 0.99476903087803
2.65 0.99487208967058
2.66 0.99497311803349
2.67 0.99507215596961
2.68 0.99516924269366
2.69 0.99526441664775
2.7 0.99535771551665
2.71 0.99544917624263
2.72 0.99553883504019
2.73 0.9956267274103
2.74 0.99571288815453
2.75 0.99579735138878
2.76 0.99588015055683
2.77 0.99596131844354
2.78 0.99604088718788
2.79 0.9961188882956
2.8 0.99619535265176
2.81 0.99627031053292
2.82 0.99634379161914
2.83 0.99641582500573
2.84 0.9964864392148
2.85 0.99655566220649
2.86 0.9966235213901
2.87 0.99669004363493
2.88 0.99675525528088
2.89 0.99681918214894
2.9 0.99688184955136
2.91 0.99694328230173
2.92 0.99700350472472
2.93 0.99706254066582
2.94 0.99712041350067
2.95 0.99717714614442
2.96 0.99723276106072
2.97 0.99728728027067
2.98 0.99734072536149
2.99 0.99739311749513
3 0.99744447741659
3.01 0.99749482546217
3.02 0.99754418156751
3.03 0.99759256527547
3.04 0.99763999574391
3.05 0.99768649175323
3.06 0.99773207171383
3.07 0.99777675367339
3.08 0.99782055532402
3.09 0.99786349400928
3.1 0.99790558673102
3.11 0.99794685015612
3.12 0.99798730062312
3.13 0.99802695414864
3.14 0.99806582643374
3.15 0.99810393287017
3.16 0.99814128854642
3.17 0.99817790825371
3.18 0.99821380649186
3.19 0.99824899747501
3.2 0.99828349513725
3.21 0.99831731313817
3.22 0.99835046486821
3.23 0.99838296345404
3.24 0.99841482176366
3.25 0.9984460524116
3.26 0.99847666776382
3.27 0.99850667994268
3.28 0.9985361008317
3.29 0.99856494208027
3.3 0.99859321510827
3.31 0.99862093111059
3.32 0.99864810106156
3.33 0.99867473571931
3.34 0.99870084562999
3.35 0.99872644113201
3.36 0.99875153236006
3.37 0.99877612924919
3.38 0.99880024153868
3.39 0.99882387877597
3.4 0.99884705032036
3.41 0.99886976534679
3.42 0.99889203284942
3.43 0.9989138616452
3.44 0.9989352603774
3.45 0.99895623751898
3.46 0.99897680137598
3.47 0.9989969600908
3.48 0.9990167216454
3.49 0.9990360938645
3.5 0.99905508441867
3.51 0.99907370082733
3.52 0.99909195046178
3.53 0.99910984054807
3.54 0.99912737816991
3.55 0.99914457027142
3.56 0.99916142365994
3.57 0.99917794500867
3.58 0.99919414085935
3.59 0.99921001762483
3.6 0.99922558159163
3.61 0.99924083892239
3.62 0.99925579565835
3.63 0.99927045772174
3.64 0.9992848309181
3.65 0.99929892093858
3.66 0.99931273336221
3.67 0.99932627365813
3.68 0.9993395471877
3.69 0.99935255920665
3.7 0.99936531486719
3.71 0.99937781922
3.72 0.99939007721626
3.73 0.99940209370961
3.74 0.99941387345804
3.75 0.99942542112585
3.76 0.99943674128538
3.77 0.99944783841895
3.78 0.99945871692052
3.79 0.99946938109752
3.8 0.9994798351725
3.81 0.99949008328481
3.82 0.99950012949226
3.83 0.99950997777271
3.84 0.99951963202566
3.85 0.99952909607377
3.86 0.99953837366438
3.87 0.99954746847103
3.88 0.99955638409486
3.89 0.99956512406608
3.9 0.99957369184532
3.91 0.99958209082506
3.92 0.99959032433093
3.93 0.99959839562304
3.94 0.99960630789726
3.95 0.99961406428653
3.96 0.99962166786202
3.97 0.99962912163443
3.98 0.99963642855513
3.99 0.99964359151733
4 0.99965061335727
4.01 0.99965749685528
4.02 0.99966424473693
4.03 0.99967085967408
4.04 0.99967734428597
4.05 0.99968370114022
4.06 0.99968993275387
4.07 0.99969604159436
4.08 0.99970203008054
4.09 0.99970790058358
4.1 0.99971365542794
4.11 0.99971929689229
4.12 0.99972482721042
4.13 0.99973024857208
4.14 0.99973556312389
4.15 0.9997407729702
4.16 0.99974588017387
4.17 0.99975088675713
4.18 0.99975579470237
4.19 0.99976060595293
4.2 0.99976532241385
4.21 0.99976994595264
4.22 0.99977447840003
4.23 0.99977892155067
4.24 0.99978327716385
4.25 0.9997875469642
4.26 0.99979173264239
4.27 0.99979583585575
4.28 0.99979985822899
4.29 0.99980380135478
4.3 0.99980766679443
4.31 0.9998114560785
4.32 0.99981517070736
4.33 0.99981881215186
4.34 0.99982238185384
4.35 0.99982588122676
4.36 0.99982931165621
4.37 0.9998326745005
4.38 0.99983597109115
4.39 0.99983920273349
4.4 0.9998423707071
4.41 0.99984547626636
4.42 0.99984852064094
4.43 0.99985150503627
4.44 0.99985443063406
4.45 0.9998572985927
4.46 0.99986011004778
4.47 0.99986286611252
4.48 0.9998655678782
4.49 0.99986821641461
4.5 0.99987081277044
4.51 0.99987335797375
4.52 0.99987585303231
4.53 0.99987829893407
4.54 0.9998806966475
4.55 0.99988304712199
4.56 0.99988535128821
4.57 0.99988761005853
4.58 0.99988982432732
4.59 0.99989199497133
4.6 0.99989412285005
4.61 0.99989620880601
4.62 0.99989825366517
4.63 0.99990025823721
4.64 0.99990222331584
4.65 0.99990414967915
4.66 0.9999060380899
4.67 0.99990788929582
4.68 0.9999097040299
4.69 0.99991148301071
4.7 0.99991322694263
4.71 0.99991493651619
4.72 0.99991661240831
4.73 0.99991825528257
4.74 0.99991986578947
4.75 0.99992144456671
4.76 0.99992299223941
4.77 0.99992450942038
4.78 0.99992599671037
4.79 0.99992745469826
4.8 0.99992888396138
4.81 0.99993028506563
4.82 0.99993165856579
4.83 0.99993300500572
4.84 0.99993432491854
4.85 0.99993561882689
4.86 0.99993688724308
4.87 0.99993813066937
4.88 0.9999393495981
4.89 0.9999405445119
4.9 0.99994171588391
4.91 0.99994286417794
4.92 0.99994398984867
4.93 0.99994509334181
4.94 0.99994617509431
4.95 0.99994723553448
4.96 0.99994827508221
4.97 0.99994929414913
4.98 0.99995029313873
4.99 0.99995127244658
5 0.99995223246043
5.01 0.99995317356042
5.02 0.99995409611916
5.03 0.99995500050197
5.04 0.99995588706693
5.05 0.99995675616509
5.06 0.99995760814056
5.07 0.9999584433307
5.08 0.99995926206621
5.09 0.99996006467127
5.1 0.99996085146367
5.11 0.99996162275495
5.12 0.99996237885051
5.13 0.99996312004974
5.14 0.9999638466461
5.15 0.99996455892731
5.16 0.99996525717539
5.17 0.99996594166682
5.18 0.99996661267264
5.19 0.99996727045852
5.2 0.99996791528493
5.21 0.99996854740718
5.22 0.99996916707558
5.23 0.99996977453547
5.24 0.9999703700274
5.25 0.99997095378714
5.26 0.99997152604585
5.27 0.99997208703011
5.28 0.99997263696204
5.29 0.99997317605941
5.3 0.99997370453565
5.31 0.99997422260004
5.32 0.99997473045769
5.33 0.99997522830971
5.34 0.99997571635321
5.35 0.99997619478145
5.36 0.99997666378385
5.37 0.99997712354612
5.38 0.99997757425031
5.39 0.99997801607488
5.4 0.99997844919478
5.41 0.99997887378148
5.42 0.99997929000313
5.43 0.99997969802452
5.44 0.9999800980072
5.45 0.99998049010956
5.46 0.99998087448686
5.47 0.99998125129128
5.48 0.99998162067202
5.49 0.99998198277536
5.5 0.99998233774465
5.51 0.99998268572046
5.52 0.99998302684057
5.53 0.99998336124004
5.54 0.99998368905129
5.55 0.99998401040411
5.56 0.99998432542574
5.57 0.99998463424093
5.58 0.99998493697194
5.59 0.99998523373865
5.6 0.99998552465856
5.61 0.99998580984686
5.62 0.99998608941648
5.63 0.99998636347811
5.64 0.99998663214028
5.65 0.99998689550935
5.66 0.99998715368961
5.67 0.99998740678329
5.68 0.99998765489061
5.69 0.9999878981098
5.7 0.99998813653716
5.71 0.99998837026711
5.72 0.9999885993922
5.73 0.99998882400313
5.74 0.99998904418886
5.75 0.99998926003656
5.76 0.99998947163171
5.77 0.99998967905808
5.78 0.9999898823978
5.79 0.99999008173139
5.8 0.99999027713778
5.81 0.99999046869434
5.82 0.99999065647691
5.83 0.99999084055986
5.84 0.99999102101607
5.85 0.99999119791698
5.86 0.99999137133266
5.87 0.99999154133176
5.88 0.99999170798159
5.89 0.99999187134815
5.9 0.99999203149611
5.91 0.99999218848889
5.92 0.99999234238865
5.93 0.99999249325633
5.94 0.99999264115167
5.95 0.99999278613322
5.96 0.9999929282584
5.97 0.99999306758347
5.98 0.99999320416361
5.99 0.99999333805289
6 0.99999346930433
6.01 0.99999359796989
6.02 0.99999372410053
6.03 0.99999384774619
6.04 0.99999396895583
6.05 0.99999408777743
6.06 0.99999420425805
6.07 0.9999943184438
6.08 0.99999443037991
6.09 0.99999454011069
6.1 0.99999464767959
6.11 0.99999475312921
6.12 0.99999485650129
6.13 0.99999495783677
6.14 0.99999505717577
6.15 0.99999515455763
6.16 0.9999952500209
6.17 0.99999534360339
6.18 0.99999543534215
6.19 0.9999955252735
6.2 0.99999561343306
6.21 0.99999569985572
6.22 0.99999578457572
6.23 0.99999586762659
6.24 0.99999594904122
6.25 0.99999602885184
6.26 0.99999610709007
6.27 0.99999618378687
6.28 0.99999625897262
6.29 0.99999633267708
6.3 0.99999640492944
6.31 0.99999647575831
6.32 0.99999654519173
6.33 0.9999966132572
6.34 0.99999667998167
6.35 0.99999674539155
6.36 0.99999680951275
6.37 0.99999687237066
6.38 0.99999693399016
6.39 0.99999699439565
6.4 0.99999705361106
6.41 0.99999711165982
6.42 0.99999716856493
6.43 0.99999722434891
6.44 0.99999727903385
6.45 0.99999733264141
6.46 0.99999738519281
6.47 0.99999743670886
6.48 0.99999748720996
6.49 0.9999975367161
6.5 0.99999758524689
6.51 0.99999763282155
6.52 0.9999976794589
6.53 0.99999772517742
6.54 0.99999776999521
6.55 0.99999781393001
6.56 0.99999785699923
6.57 0.99999789921991
6.58 0.99999794060877
6.59 0.9999979811822
6.6 0.99999802095627
6.61 0.99999805994672
6.62 0.999998098169
6.63 0.99999813563823
6.64 0.99999817236926
6.65 0.99999820837663
6.66 0.99999824367459
6.67 0.99999827827712
6.68 0.99999831219792
6.69 0.99999834545043
6.7 0.99999837804781
6.71 0.99999841000297
6.72 0.99999844132855
6.73 0.99999847203697
6.74 0.99999850214039
6.75 0.99999853165071
6.76 0.99999856057963
6.77 0.99999858893861
6.78 0.99999861673887
6.79 0.99999864399141
6.8 0.99999867070704
6.81 0.99999869689632
6.82 0.99999872256963
6.83 0.99999874773713
6.84 0.99999877240879
6.85 0.99999879659438
6.86 0.99999882030347
6.87 0.99999884354546
6.88 0.99999886632954
6.89 0.99999888866473
6.9 0.99999891055988
6.91 0.99999893202367
6.92 0.99999895306458
6.93 0.99999897369095
6.94 0.99999899391094
6.95 0.99999901373257
6.96 0.99999903316368
6.97 0.99999905221196
6.98 0.99999907088496
6.99 0.99999908919007
7 0.99999910713454
7.01 0.99999912472548
7.02 0.99999914196984
7.03 0.99999915887446
7.04 0.99999917544604
7.05 0.99999919169112
7.06 0.99999920761615
7.07 0.99999922322743
7.08 0.99999923853114
7.09 0.99999925353334
7.1 0.99999926823998
7.11 0.99999928265687
7.12 0.99999929678972
7.13 0.99999931064413
7.14 0.99999932422559
7.15 0.99999933753947
7.16 0.99999935059105
7.17 0.99999936338548
7.18 0.99999937592785
7.19 0.99999938822311
7.2 0.99999940027613
7.21 0.99999941209169
7.22 0.99999942367446
7.23 0.99999943502903
7.24 0.9999994461599
7.25 0.99999945707147
7.26 0.99999946776806
7.27 0.99999947825392
7.28 0.99999948853318
7.29 0.99999949860993
7.3 0.99999950848815
7.31 0.99999951817175
7.32 0.99999952766457
7.33 0.99999953697036
7.34 0.99999954609282
7.35 0.99999955503554
7.36 0.99999956380208
7.37 0.99999957239591
7.38 0.99999958082042
7.39 0.99999958907895
7.4 0.99999959717478
7.41 0.99999960511111
7.42 0.99999961289108
7.43 0.99999962051777
7.44 0.9999996279942
7.45 0.99999963532333
7.46 0.99999964250807
7.47 0.99999964955125
7.48 0.99999965645568
7.49 0.99999966322407
7.5 0.99999966985912
7.51 0.99999967636344
7.52 0.99999968273962
7.53 0.99999968899018
7.54 0.99999969511759
7.55 0.99999970112428
7.56 0.99999970701263
7.57 0.99999971278497
7.58 0.99999971844358
7.59 0.99999972399071
7.6 0.99999972942855
7.61 0.99999973475926
7.62 0.99999973998494
7.63 0.99999974510767
7.64 0.99999975012948
7.65 0.99999975505234
7.66 0.99999975987822
7.67 0.99999976460902
7.68 0.99999976924661
7.69 0.99999977379284
7.7 0.99999977824949
7.71 0.99999978261835
7.72 0.99999978690113
7.73 0.99999979109953
7.74 0.99999979521522
7.75 0.99999979924982
7.76 0.99999980320493
7.77 0.99999980708212
7.78 0.99999981088292
7.79 0.99999981460884
7.8 0.99999981826136
7.81 0.99999982184191
7.82 0.99999982535192
7.83 0.99999982879278
7.84 0.99999983216585
7.85 0.99999983547246
7.86 0.99999983871392
7.87 0.99999984189153
7.88 0.99999984500653
7.89 0.99999984806016
7.9 0.99999985105363
7.91 0.99999985398812
7.92 0.99999985686479
7.93 0.9999998596848
7.94 0.99999986244924
7.95 0.99999986515922
7.96 0.9999998678158
7.97 0.99999987042005
7.98 0.99999987297299
7.99 0.99999987547564
8 0.99999987792897
8.01 0.99999988033398
8.02 0.9999998826916
8.03 0.99999988500277
8.04 0.9999998872684
8.05 0.9999998894894
8.06 0.99999989166665
8.07 0.99999989380099
8.08 0.99999989589329
8.09 0.99999989794437
8.1 0.99999989995503
8.11 0.99999990192608
8.12 0.9999999038583
8.13 0.99999990575245
8.14 0.99999990760929
8.15 0.99999990942954
8.16 0.99999991121393
8.17 0.99999991296316
8.18 0.99999991467793
8.19 0.99999991635892
8.2 0.99999991800679
8.21 0.99999991962219
8.22 0.99999992120577
8.23 0.99999992275814
8.24 0.99999992427994
8.25 0.99999992577175
8.26 0.99999992723417
8.27 0.99999992866778
8.28 0.99999993007314
8.29 0.99999993145081
8.3 0.99999993280135
8.31 0.99999993412527
8.32 0.99999993542311
8.33 0.99999993669539
8.34 0.99999993794259
8.35 0.99999993916523
8.36 0.99999994036377
8.37 0.99999994153871
8.38 0.99999994269049
8.39 0.99999994381958
8.4 0.99999994492643
8.41 0.99999994601147
8.42 0.99999994707514
8.43 0.99999994811784
8.44 0.99999994914001
8.45 0.99999995014203
8.46 0.99999995112432
8.47 0.99999995208725
8.48 0.99999995303121
8.49 0.99999995395658
8.5 0.99999995486371
8.51 0.99999995575297
8.52 0.99999995662471
8.53 0.99999995747927
8.54 0.999999958317
8.55 0.99999995913823
8.56 0.99999995994327
8.57 0.99999996073246
8.58 0.99999996150609
8.59 0.99999996226449
8.6 0.99999996300794
8.61 0.99999996373674
8.62 0.99999996445119
8.63 0.99999996515156
8.64 0.99999996583813
8.65 0.99999996651118
8.66 0.99999996717096
8.67 0.99999996781775
8.68 0.99999996845179
8.69 0.99999996907335
8.7 0.99999996968265
8.71 0.99999997027996
8.72 0.99999997086549
8.73 0.99999997143949
8.74 0.99999997200218
8.75 0.99999997255378
8.76 0.99999997309452
8.77 0.9999999736246
8.78 0.99999997414424
8.79 0.99999997465364
8.8 0.99999997515301
8.81 0.99999997564253
8.82 0.99999997612242
8.83 0.99999997659284
8.84 0.999999977054
8.85 0.99999997750608
8.86 0.99999997794925
8.87 0.99999997838368
8.88 0.99999997880956
8.89 0.99999997922705
8.9 0.99999997963631
8.91 0.99999998003751
8.92 0.9999999804308
8.93 0.99999998081635
8.94 0.9999999811943
8.95 0.9999999815648
8.96 0.999999981928
8.97 0.99999998228405
8.98 0.99999998263309
8.99 0.99999998297524
9 0.99999998331066
9.01 0.99999998363947
9.02 0.9999999839618
9.03 0.99999998427778
9.04 0.99999998458753
9.05 0.99999998489118
9.06 0.99999998518885
9.07 0.99999998548065
9.08 0.99999998576671
9.09 0.99999998604713
9.1 0.99999998632202
9.11 0.9999999865915
9.12 0.99999998685567
9.13 0.99999998711464
9.14 0.9999999873685
9.15 0.99999998761736
9.16 0.99999998786132
9.17 0.99999998810047
9.18 0.99999998833491
9.19 0.99999998856474
9.2 0.99999998879003
9.21 0.99999998901088
9.22 0.99999998922739
9.23 0.99999998943963
9.24 0.99999998964768
9.25 0.99999998985164
9.26 0.99999999005158
9.27 0.99999999024758
9.28 0.99999999043972
9.29 0.99999999062807
9.3 0.99999999081272
9.31 0.99999999099372
9.32 0.99999999117116
9.33 0.9999999913451
9.34 0.99999999151562
9.35 0.99999999168277
9.36 0.99999999184664
9.37 0.99999999200727
9.38 0.99999999216474
9.39 0.99999999231911
9.4 0.99999999247044
9.41 0.99999999261878
9.42 0.9999999927642
9.43 0.99999999290676
9.44 0.99999999304651
9.45 0.9999999931835
9.46 0.9999999933178
9.47 0.99999999344945
9.48 0.99999999357851
9.49 0.99999999370502
9.5 0.99999999382904
9.51 0.99999999395062
9.52 0.9999999940698
9.53 0.99999999418664
9.54 0.99999999430117
9.55 0.99999999441345
9.56 0.99999999452351
9.57 0.99999999463141
9.58 0.99999999473718
9.59 0.99999999484087
9.6 0.99999999494251
9.61 0.99999999504215
9.62 0.99999999513983
9.63 0.99999999523558
9.64 0.99999999532945
9.65 0.99999999542147
9.66 0.99999999551167
9.67 0.9999999956001
9.68 0.99999999568678
9.69 0.99999999577176
9.7 0.99999999585506
9.71 0.99999999593673
9.72 0.99999999601678
9.73 0.99999999609526
9.74 0.99999999617219
9.75 0.9999999962476
9.76 0.99999999632153
9.77 0.999999996394
9.78 0.99999999646505
9.79 0.99999999653469
9.8 0.99999999660296
9.81 0.99999999666989
9.82 0.9999999967355
9.83 0.99999999679981
9.84 0.99999999686286
9.85 0.99999999692467
9.86 0.99999999698526
9.87 0.99999999704465
9.88 0.99999999710288
9.89 0.99999999715996
9.9 0.99999999721591
9.91 0.99999999727076
9.92 0.99999999732453
9.93 0.99999999737724
9.94 0.99999999742892
9.95 0.99999999747957
9.96 0.99999999752923
9.97 0.99999999757791
9.98 0.99999999762563
9.99 0.9999999976724
